$ANSIBLE_VAULT;1.1;AES256
38626538643366363431363137636662333838336265653436353936323433663735613632653661
3163346432323863326161663061666536336666616637610a376663316633323537613633353663
61366631346363346637396664666131303738323466633539303039656132626365383938323231
6236366637663734340a663834346465313530623166366139616661363137663934326266656462
37393930303832653133616531316335653664363763363635386636633137336561306434623934
32663563663933616137336330333564336439323265376431616636303334643662376663626139
35323631646537313939386563656535393833613965393761323234663036323737333533333632
37633361613964653363613539343366306531303437353865363961313765633263353436393438
64306338333730646236313235613936373261323564333864396162373831306431643864306431
34353863653635353339386665653664633330333863623866323131316535653537353138373534
32323064616265316330383530313264346339663135366539306436626165663935616132643164
37343635343061316262333562316334306664643665386264393862333166326439346262333034
64333337323734333633326339303530323230343238636138633533323635643533653137396532
61343639613866653265623433623639393131663766356539343164353230633736653332393963
65356434373537353837656630373263383031623562373961336330613830383434393230643330
61613036303339356130366461646135313737343961343137313630363935326665633838373963
33663731303965303166626632373232373535333562323339346632663137313764616561383866
32313261303332643966373232643934613336656566386639623265346165343465386531636432
32633136373035306361623539373434323863383238643237313966353239356136633666306566
61626531643232373039613434346665626334333839363565303332643734636637626233396230
36353737643330326166653664363530306139373231613231623365346630313566313039323661
62333665383466643835393161383535326233386438366531376538353532353337666538326362
34353862636536306465396165373339633866633836303763386163643163653131363364396337
38353664333537656136363364393935313764343431626634383138333566303033616462663963
65656338353033383630623337313266313461316364303731646632353638623537626265646631
64656539626436393835656130373537303536383432313733663266646133303865363234326563
36316631376561623434666464313237386236333665323837646130303533636263643837653131
30363139613366633862636534353435343236316632336531313533313037356639643163393361
63653931383435313562376663643232333465396361663161303733326335636332333836653634
39633165313238383435343439646636333861303532616334656162636363373738616361616466
64356530326362643938383139666132626531623132383032323730633734343735373234383839
31336237303561313337376336363536656162643537393763346539316164346531346238396364
30336130613263386538383030633962383639373031623064316538643239313432633331333662
39353137633165616539663138366631323734373639666361303161633538373337663734306532
61666237353734393738326639303736393735616134663165306131333234313630393036653633
64666563336563353935653566323739383338383634316562336163346632343038383665363562
35366330363430313331313463303433613032613531313765666335646466663239303136373935
63653435646634303431356633353637313965386265353939313433353536323935333961663564
65616339613361346265646162386630383763643532636533333531636333613634663237643638
38366233636134626663313439626332636136623136633966346165613430653034373563323439
33343061386465326365363630313965303766363566663961393162386463393262306336343137
64663938333431656538623437353837353037653864366633353438323230323539353862636639
66313964393634623537366134303362663138663665656439636338323834336233333033393564
33613563343432343535636136343638636139353361643139626266396439393563636461396237
66373032636662613562383535656262663836303739666534656566333531353131333465373439
61666232646232383430313534396531653561353734366266356265656538353065373537363834
65633534366436336664353566396666333731306538363032653735393561336431323565613764
63373262353933623761336636623065613863333635376536353466633731393136613832316136
66636434303863613134386662303631643364383562316566306336356364313531623036326366
32613832396232376262316162656531363131373364303631613331613964663261316162376463
31376361346663626461313737396139333835333737633130633838623136396638396138356631
66313837376162613835626261653038376430356566343562313932343866393636663866316130
62343139663865656461613032353538613335373839353963356238663130383862633938653539
33326637663038643631373031643239386432303166343339353066613334316233346239303965
66656665326138323965343238336261396434323365623431663966316434356237376162333338
66396139326536646566366536333464306433326332353565363835633233363831316365353166
36356637393938643866366363373164346438346138623431633663336539343036663063396535
62393934346333366162373839333766636338333539656332336638323537346139633436656231
36323165303235353064343032626432316136653838356239386235623165636130623331386162
33666662656537346630376339656365653061646266343732366333313364613062393032346536
30653337316565316261663762303561393064356133306135353438343062653431353031653261
31393936346439653566636233613165636333343562656534373835313964363666636163643339
61613830643937346463393330303637326364613734323066613238653461353666343335666336
39626166326436356638303531346637653935316238373735313863636562316237353439323332
64313531396137393361656365613232323366323531633532643166656434346666336631626132
38373035666131326438643133323330346534643366346134353965343265376330663739646463
64653966623731643965333833383932353830623938336338313635653365616436663064623665
63346332366463613835313566666536666437373933333434343163336436636461356534643533
63363633646166336362353365633631623464363038653430306464333661393337616631633837
63383132343632366639383530333936626437353735653533626466353865356565636434316330
39306661313130313231326633663339353732386366636535333539623462353733636363396635
37386330306331306361383731306462626161623764336538373739666433646334633566313738
38383339323263653439323930663964346361303836383836666432633936653536323133643532
32363330343166373161613238623266303031343162646561613864346130336662616535653735
64313633623363313339626566363339663230323034366161626565303632656263663638663764
30346538376432306134356563363539623163323239663838643234373761386232623237613638
31636166636138376663346137396666623038643761356139353065653230356632373237663739
63616634323764393661336436613037346163343761383736646461376236346638323165643538
30323533373236323564626436393437373362333065663930383732633135343363666538343731
34666239653136633861343265626238643539653433373261383463636563626539393363373461
34396461323637643162343363663633663539363233376163343939613864633830363964383562
33343333336665646163376163333064343736386363613530636237656239303333613762336335
63303732613833376336313065663130336636326561636264356139383437326337366330626430
32333832626337386265323031653737383864303862326232346439623334353934393837653831
37616562653732613461373733663235353938623637383835613561633437393239396132356164
61303163613136336538343432376461353638623765613365663237663835656364396233636338
37623331303662663461313663363936343638656632316562363833316563306666663238353131
36613063316630323932623438653236633736356237653062383462393334353434613934376135
36393835646266376364373236366332346465323137386637633661303339636635333830363161
36303563666332343266323630306161316364323134303562343230663261323463393236313532
39356239356233653333636135396136633064653762356537366534303638653765623032386536
65323539663031633136636631353532653038383561313435643134633861353232316162613365
64316133306634373265303334656462616330623139333934373130613461376630366561386535
37623731623732396162616234386165343362653530653062396432316463333131363930633634
66626238616138396535323663383433393366653631643730633965373238316461313838386665
38346236363962613561623464393834616264303663326361616638323565313839313261333462
34623034626437666264363030643030306631643931613066666438636331666130663665353663
64346464383939636536613831316564626332343634613861306238303065663937316133303938
31656366643334303435613538323232663932656634313536666130376463343730323664663532
33383433633663346335303464313065656235323737636638373637633466633938323131303130
63316236386437313438313336366366363730303763633962353663366238306365393639303165
66666332363262336331613265303434373031623536636135393932333039386338633930373265
65386430306339393437306665646436363935303335613363393435333763346564356232336266
63353838396538343238323761376430366461623138396637336537313233303866376239616163
34363431376239353138303662393933346661393033306666363538643733356534333663643133
37666366306164373732666361626236393363653436396238303861646438393263363937396163
32393864633164323738323530656662303032393835323330383736663062313831616536643637
39353837663063393132636661343136316438326434643934626365363339656332643364646434
32653264343837343734376434613063323131636165376463353363376262616330613130623634
65613537343366313562626434366434316364303565653238383266393562383333353336353630
39353264393666386464373731323235313036653230383330356639663335376130373339383362
66643433626533326639383433396565613762383566353035313439633239316539313432666337
64313632663364323937626537653136303234373233653232323662336338613437643764633036
61666335353237633865306135316661623763363737366663623164613030613461666136663063
66656230643430666266623639303730653531383734356537303933643234623235396236633265
31333263303235393735366639626261613334663439616661383235353166323362356232366438
38313136643230313564333866653965653231393566316330356664353230643134356665663230
34633264633663333238643235303661663436346638303364346538333761646264623039303638
38616165356633636261653630643934353130333832323631386465646539653531633865346361
61356234313238653364636634363533353762306364366638353665343661396230356335666530
39333133643062363134646264343461666238373363316333613034636532303062366562306130
62633030626532356463376666376430326366616133316662336539326233653238633162636336
33393332303134636631383338613262653835626433626339353835383264623965386435653536
31356361653066333333323532636337653234636564313830653939626631336665373862326662
38653535353537623266623864663837346530326230353531633362386566666135666165363432
36393330336636343664316437353466653836316536363838323136653633303033363261333562
65353164376334636138303830326536613833323164663666346666373962653535323836656361
65663662346239313835623630313834353337373061646631393936623461326366363930616234
30393536383135336663323961363263633838343166383932353837343339333666653964336539
35653866386335373366633836333333623232316436323636636430363763356662333063613933
35366666373534626235613262306633363438303866663066396135333033316163633664393166
62623664316338373930623261323337373563643130646438373564303737333638386264643831
63656563333735373062623535623162333137323863303063366438396533613436643232653361
39326432316562346239663034623434333232306336373238643864333137393364343362303630
64323032353233613963393230363463363035326330353032623262613235393337663135363966
38366364306661323431343262666434313166386365666639613037663131386462333935316565
62333534316132653932383339376564633831303532313666396630633036373033323833333862
30643434383164313364623364623739376665346139326635346132613336343039316632346265
33646565393034623962623633356337373761373430663532363364316530623864313565323534
33613063393933656164303461376365313166343264356366366639633636333537646136383764
39366634343162636535346165393237353433623536626233346562366265333334616664663930
66363764653262656661323839653565633164333261356639333665343462636630306136363762
34336465343066353166313838373039366233393566333232613562376161666537316365333431
38653236313534653936386162313262363835343935663562323932323039343062313335333965
37333333653237613739643532626564323333636332666438626330333139356530376261633231
61386238666635363238376432656337623664323865306636303938383865646564313830613437
35316537646335306264353030353534393437353635633237316432633338366330626131393937
62373034666630633366653332306139653264396163366164343836613864353538306662323237
34636530323230303533396164363133626264633435326261626466363733666131346161366163
63633730346161666236386564626136386464613738323637323637363532366238396165313462
64373934393336386464353730383339353764376430643032623936323566623232326264383236
35643464323363626663616366363363343732336463396436623836393432383865303637633631
61653635613334613762353365656339313038383138363664333661316535633939363635353665
66373366363461633633383137653331636437316136393639643839643031393936383031346161
31316564643062396366616436303132613263316230323763333836663366323731333736386233
38336337306133356339393730306434383335633331663061393166623461333135626338643365
34623833306133323532396631633232323432323264386334643461363762616137633262363634
62393839646633346436643434366262343334363865313537613362643062333466393762656166
37616566313462613237303239616439346535646337303538306639633530336233656333326266
65616162656435636433656138383731633236656263363236626333353138326639336533396665
39636661303739613833663962316339366666303861616433653064323834633362383832306530
39346463396565643035343432386234386464616639353435613462386633313834663234343735
64633763616266643535336231313031663839306536656261393932306534383837356634323937
62353761333661306238626338323963383738656336633839653236316437346639626132353862
35363666303565376530626261393834373965636432646537396365636636636430623065306639
32393565333264653064383161633237386130613633383930386138613863653436383462663731
38633462623536356135396262356530613362653434336361383562643338336530323261643062
39383231333037636264656139663735666361313633646333333130306366633635356332303731
30323435316632636431643261393837303733373633316131643332386461373666613434363863
36336165343262393066313266313265306330333938383333643463656234663062333633313538
65353730303833646235666532336330636536666362376330326432316162306438646432636331
35613732346232393533653736376261613536363631386230393662376364303831343738373162
65346334306235396639636538383166636537363763393764346634376466656265
