$ANSIBLE_VAULT;1.1;AES256
35396366373763336139343338643136383438626334333530613230363733366263323834336361
6266623730666164366636383863383761373133316534340a353661303462363435613339303336
32663461346537343934623563663566396239646339346330323639356665366166323961323735
3836326533333639650a316665643562343936356365363062353464373138343933303037663337
63373963343763613131326561333731323861613530616136646466623166636137653565336532
62353565306361313830393161323931346461383933633064333231326138643533643838393437
39653263333536396162303832313236613531393537333533376162383063626633303733636337
36353637613535383439623238313631366162366263363164633233636335633366306330326162
65316430373734313234616464623239663563663465353035643933663333346364373538663635
61646661353130663532636237363832383533333730396132633464323536633864643834393137
38333037343234376330613565356434373266653264316436383862343662346161613866353936
66396339663334646338333463646665316166336662643233616538316131613061303138613037
37373032383034383538323364636363633637313965323738616235303966366338393636663366
39343266626161326564376633386334663432353261363336363131646139666239653062373161
65613433636437396166343934323937303463613131646463326231626564353961636133633662
32343832313436653735386562356466376166663538653538613264306233373631373530316164
66633739313061396238323339653732633462623464373833653762316337313964613033633634
61333531643035323432646337306337343331323132386163396136623063376362663336616534
33386437343862366530393233636463363339303763336235393663613061336436396631303430
66616337626130303034323165656336356465623031396566363464343965666337386239393936
61636166323261323930313737633934353166316338326464393236396464323862656365653064
36643330356563376463393132386265326539396531393136303363363437646431346663363961
37646434336466643065333361623765393939353036616162646431373037393163616534623139
66636165383138346630316437623230323763336539623035663239383361376530303537306162
64343439626665303764353365633965303866343764646438616563373731396366313239316230
33663836383564616430356631346438643939373731346238343466386336373433303237383530
37306432643639313561376364323336613238303832373638366539353763313738636636643434
39316461376364376539663138303338393730366363656266666365373732336464373930303933
62373939386434386438653861626430353931306130313535643437646132656665643431613864
65613838316462613033363130616663613463636330393565623331663263316634343561373430
35613038353836316531303733393036666563346563633562613731656434363630336164363833
61366436353938656232346233656431373630653638653430646561333662356638636134343435
64383963313035633266386633306238363266386636346561346635656539623763393361613837
36366530353361336262383062303530373064656432636262386365623864646262623739336463
63633965356334313439313861353665313766316537363931663031646363623832353032343632
35656162373466356263373634633937326636343737336436653364373137393965303737393839
64633435326431396264653634323138633665356262396535336466313532613334323734306435
34623666313937343733333031623931633165376666353537313637333130636661383131396363
36373338306563333363623936326433383663643738613064373432343834373563626162303762
31646539323931343535346335373137313933326431393039663364376139356334363235613464
66323538643836343637336365363938636136373634626265343764346539393837393961366439
64653737306330396233333864373234626630643936343034396132303338356463666436313037
37336163393632363563323136333064653566346233363031353963653535623565623531306434
33366637313032653361373962636336326631343931666234666265353930393539303533333235
61333237333530396132623139363630396661376266346131396437356663363261366630313565
66623630653031313433373033643134643539326137646337343634336335383230623733663239
64393264663633666231386239363332633235383132663135376537616531373132393039623635
62623638346566656538633265373834643835666331313139376139306532333435653532396162
36623861386235633363646565383530336639656234653239373538373531643433363938353238
66663261326534386332316561663435623636393235356666633462396565376161316366323835
65613065643239303435663932643636353364383133373832316233333338653839636232386330
30306539613237666536643130336332633032633236616662386566663538646339363634316237
38633566336563326531343861303064323531376663663731323561363238643938623362376264
63643463666134663232313631643432346332383732666366646463623533343565313664636135
64623539353530363266633133653461633338356262616239363736313464616661316563333330
33616335363737313535323834373665636264636139373333663862323463613965666564643363
39653631616435346130626165636463376333333035653533396165396334616135303264613161
31343662353966613663373032663662613963363461386365303366326530376535303831653537
34623738643162653234353730633765633964663561613666306137303030656332373761636265
38613135356531623063333665343737353163653165336634343932383539633731363532313331
62383166643935383338623733333064666262613436336264633739386231363438613331363437
62353362386236393638373138313163303165353331336663633362616434383532383465376336
36666638623032663234313134343635313836623736643031396136623832633637623731363731
33613432333035353334333562376138636137663966663235393965663436363833336661333965
65646637323364666233646166616334643632376136666461303635656530656239643434356532
37663538303537656566303762363639353064333563663031643538613036396561623765336466
32653539633765333033363139346436303666306632396133333735636264303265383330373331
65313533633831626533393162343965396236383663646333303537643461656331313830633161
30666634613432376333616639393435396530633833306666656231326161396164653164353337
34616266333161653764616531303166396461303830336531646264373237333461336535316538
39333166656530383531653338383537613562643432323262386464383630366631323332346633
35356131343366366338323563323434336530336264653039393233316233626134663637393165
39383333373064363737636364373730333534366335383835663730323830373337656136373935
33336532346131313537353331333834366334646137666262666533383764663832666666396537
65613732373539336130623537663739316531303138313030393439613734633030366434666632
36653639326461353236633663383661373930363235336639313162323761633838333133386263
64336334613538356266383935633639303039363161343563346664383637326666633533303539
65393161336564663330326235393736316537626430373863666266303463656238353237373761
66393364326562623662323730653931653933353335653533343863303334336635666264656633
39636635623535353036623430373830626538333837653139373632356332386164643763313838
33373434383832653463636564373166383936626265616232303564643637613434323061373233
30333932373737393064643566383966393737343162646264356234343838353966663535333831
31356563633866383336623633376539623632353838316566666138663835323534306639646433
33643466386662346133656164623139306364633230633162643936663634616436383563313637
62653333303030616661616266393963643932386561336232323661323433393734626466356166
35613233393130356131376435356161636639393735646239646530333366346464366663356631
62383730383562633734636461636332666639316666333031343265366234613438623763646338
37623130316364316431
